%YAML:1.0
---
model_type: PINHOLE
camera_name: camera
image_width: 640
image_height: 480
distortion_parameters:
   k1: 0.00977423853451956
   k2: -0.0074722179966595975
   p1: 0.0002994015320500702
   p2: -0.00022518799139296098
projection_parameters:
   fx: 392.2494728318245
   fy: 391.7709976125993
   cx: 316.50239262676575
   cy: 242.05219142504689
